VERSION_4
OPTICAL_BAR
image_size = 14348 2728
image_center = 7174 1364
pitch = 5.5999999999999999e-05
f = 1.5
scan_time = 0.69999999999999996
forward_tilt = 0.17453299999999999
iC = -2482701.8186840159 -3756357.23806566 4751578.7410281142
iR = 0.61797423113041761 -0.63654223391590092 0.46143453934455697 -0.78469052512838033 -0.53571310987640175 0.31188498469836712 0.048668567191932299 -0.55482019461074827 -0.83054555698021504
speed = 8000
mean_earth_radius = 6371000
mean_surface_elevation = 0
motion_compensation_factor = 1
scan_dir = left
